[[0.025913895734134204], [-0.004703400803642534], [0.027080682908546653], [-0.06137805066778671]]
[0.10581648256709222]
--------------------------------------------------------------------------------
[[0.027301236105806106], [-0.0033160604319706225], [0.025693342536829856], [-0.0627653910395035]]
[0.10581648256709222]
--------------------------------------------------------------------------------
[[0.028827192677762993], [-0.0017901038600137316], [0.02416738596482958], [-0.06429134761150376]]
[0.10581648256709222]
--------------------------------------------------------------------------------
[[0.030505588104969866], [-0.00011170843280685619], [0.02248899053757988], [-0.06596974303875346]]
[0.10581648256709222]
--------------------------------------------------------------------------------
[[0.0323516144342008], [0.0017343178964240756], [0.020642964208305085], [-0.06781576936802824]]
[0.10581648256709222]
--------------------------------------------------------------------------------
[[0.034381965796504065], [0.0037646692587273603], [0.018612612845959838], [-0.06984612073037348]]
[0.10581648256709222]
--------------------------------------------------------------------------------
[[0.03661498297205272], [0.005997686434276013], [0.01637959567036963], [-0.07207913790596368]]
[0.10581648256709222]
--------------------------------------------------------------------------------
[[0.039070810557629704], [0.00845351401985299], [0.013923768084750703], [-0.0745349654915826]]
[0.10581648256709222]
--------------------------------------------------------------------------------
[[0.04177156739197575], [0.011154270854199042], [0.011223011250363589], [-0.07723572232596972]]
[0.10581648256709222]
--------------------------------------------------------------------------------
[[0.044741530764701734], [0.014124234226925006], [0.008253047877594209], [-0.08020568569873911]]
[0.10581648256709222]
--------------------------------------------------------------------------------
[[0.04800733473057142], [0.01739003819279471], [0.004987243911686142], [-0.08347148966464718]]
[0.10581648256709222]
--------------------------------------------------------------------------------
[[0.05159818254672934], [0.020980886008952638], [0.0013963960954866722], [-0.08706233748084664]]
[0.10581648256709222]
--------------------------------------------------------------------------------
[[0.05554607281258622], [0.02492877627480953], [-0.002551494170409545], [-0.09101022774674286]]
[0.10581648256709222]
--------------------------------------------------------------------------------
[[0.05988603827743338], [0.029268741739656687], [-0.006891459635300428], [-0.09535019321163375]]
[0.10581648256709222]
--------------------------------------------------------------------------------
[[0.06465639543570993], [0.03403909889793323], [-0.011661816793614752], [-0.10012055036994809]]
[0.10581648256709222]
--------------------------------------------------------------------------------
[[0.0698990018864709], [0.0392817053486942], [-0.016904423244418987], [-0.10536315682075233]]
[0.10581648256709222]
--------------------------------------------------------------------------------
[[0.07565951691054594], [0.04504222037276924], [-0.02266493826853267], [-0.11112367184486602]]
[0.10581648256709222]
--------------------------------------------------------------------------------
[[0.08198765871857767], [0.05137036218080096], [-0.028993080076611978], [-0.11745181365294532]]
[0.10581648256709222]
--------------------------------------------------------------------------------
[[0.08893744923582454], [0.058320152698047814], [-0.03594287059389902], [-0.12440160417023237]]
[0.10581648256709222]
--------------------------------------------------------------------------------
[[0.09656743399633713], [0.0659501374585604], [-0.04357285535445725], [-0.1320315889307906]]
[0.10581648256709222]
--------------------------------------------------------------------------------
[[0.10494086060649774], [0.07432356406872101], [-0.0519462819646599], [-0.14040501554099324]]
[0.10581648256709222]
--------------------------------------------------------------------------------
[[0.11412579421702053], [0.08350849767924377], [-0.06113121557522085], [-0.1495899491515542]]
[0.10581648256709222]
--------------------------------------------------------------------------------
[[0.12419514248900461], [0.09357784595122784], [-0.07120056384725856], [-0.15965929742359192]]
[0.10581648256709222]
--------------------------------------------------------------------------------
[[0.1352265557483994], [0.10460925921062264], [-0.08223197710669244], [-0.1706907106830258]]
[0.10581648256709222]
--------------------------------------------------------------------------------
[[0.14730216069415691], [0.11668486415638014], [-0.09430758205249132], [-0.18276631562882467]]
[0.10581648256709222]
--------------------------------------------------------------------------------
[[0.1605080787766404], [0.1298907822388636], [-0.10751350013502131], [-0.19597223371135467]]
[0.10581648256709222]
--------------------------------------------------------------------------------
[[0.1749336742677403], [0.14431637772996353], [-0.1219390956261641], [-0.21039782920249744]]
[0.10581648256709222]
--------------------------------------------------------------------------------
[[0.19067047377894858], [0.1600531772411718], [-0.1376758951374285], [-0.22613462871376183]]
[0.10581648256709222]
--------------------------------------------------------------------------------
[[0.20781070092940385], [0.17719340439162706], [-0.15481612228792332], [-0.24327485586425665]]
[0.10581648256709222]
--------------------------------------------------------------------------------
[[0.22644538009145257], [0.19582808355367579], [-0.17345080145001868], [-0.261909535026352]]
[0.10581648256709222]
--------------------------------------------------------------------------------
[[0.2466619851341633], [0.2160446885963865], [-0.19366740649277575], [-0.2821261400691091]]
[0.10581648256709222]
--------------------------------------------------------------------------------
[[0.26854164607206077], [0.23792434953428399], [-0.21554706743069812], [-0.30400580100703145]]
[0.10581648256709222]
--------------------------------------------------------------------------------
[[0.2921559802660943], [0.2615386837283175], [-0.23916140162476665], [-0.3276201352011]]
[0.10581648256709222]
--------------------------------------------------------------------------------
[[0.317563683878832], [0.2869463873410552], [-0.2645691052375366], [-0.3530278388138699]]
[0.10581648256709222]
--------------------------------------------------------------------------------
[[0.3448070971194073], [0.31418980058163054], [-0.29181251847816697], [-0.3802712520545003]]
[0.10581648256709222]
--------------------------------------------------------------------------------
[[0.37390903049946406], [0.3432917339616873], [-0.3209144518582913], [-0.40937318543462464]]
[0.10581648256709222]
--------------------------------------------------------------------------------
[[0.4048701900584621], [0.37425289352068525], [-0.3518756114173567], [-0.44033434499369]]
[0.10581648256709222]
--------------------------------------------------------------------------------
[[0.4376675461212864], [0.40705024958350955], [-0.3846729674802089], [-0.47313170105654223]]
[0.10581648256709222]
--------------------------------------------------------------------------------
[[0.47225393573843905], [0.4416366392006622], [-0.41925935709741025], [-0.5077180906737435]]
[0.10581648256709222]
--------------------------------------------------------------------------------
[[0.5085590691984456], [0.47794177266066873], [-0.455564490557443], [-0.5440232241337764]]
[0.10581648256709222]
--------------------------------------------------------------------------------
[[0.5464919402734216], [0.5158746437356447], [-0.49349736163243907], [-0.5819560952087723]]
[0.10581648256709222]
--------------------------------------------------------------------------------
[[0.5859444511022116], [0.5553271545644347], [-0.5329498724612691], [-0.6214086060376024]]
[0.10581648256709222]
--------------------------------------------------------------------------------
[[0.6267958988236622], [0.5961786022858853], [-0.5738013201827533], [-0.6622600537590866]]
[0.10581648256709222]
--------------------------------------------------------------------------------
[[0.6689178709122581], [0.6383005743744812], [-0.6159232922714031], [-0.7043820258477362]]
[0.10581648256709222]
--------------------------------------------------------------------------------
[[0.7121790801657099], [0.681561783627933], [-0.6591845015249006], [-0.7476432351012338]]
[0.10581648256709222]
--------------------------------------------------------------------------------
[[0.7564497344120071], [0.7258324378742302], [-0.7034551557712139], [-0.791913889347547]]
[0.10581648256709222]
--------------------------------------------------------------------------------
[[0.8016051554117612], [0.7709878588739844], [-0.7486105767709798], [-0.8370693103473129]]
[0.10581648256709222]
--------------------------------------------------------------------------------
[[0.8475285016540279], [0.816911205116251], [-0.794533923013373], [-0.8829926565897062]]
[0.10581648256709222]
--------------------------------------------------------------------------------
[[0.894112579075651], [0.8634952825378741], [-0.8411180004350268], [-0.92957673401136]]
[0.10581648256709222]
--------------------------------------------------------------------------------
[[0.9412608215253907], [0.9106435249876139], [-0.8882662428848209], [-0.9767249764611541]]
[0.10581648256709222]
--------------------------------------------------------------------------------
[[0.9888875816175835], [0.9582702850798066], [-0.935893002977205], [-1.0243517365535382]]
[0.10581648256709222]
--------------------------------------------------------------------------------
[[1.0369178955944836], [1.0063005990567064], [-0.9839233169541236], [-1.0723820505304569]]
[0.10581648256709222]
--------------------------------------------------------------------------------
[[1.0852868819121007], [1.0546695853743235], [-1.032292303271783], [-1.1207510368481162]]
[0.10581648256709222]
--------------------------------------------------------------------------------
[[1.1339389129152877], [1.1033216163775106], [-1.0809443342749936], [-1.1694030678513267]]
[0.10581648256709222]
--------------------------------------------------------------------------------
[[1.182826671223305], [1.152209374685528], [-1.1298320925831244], [-1.2182908261594576]]
[0.10581648256709222]
--------------------------------------------------------------------------------
[[1.2319101737877263], [1.2012928772499492], [-1.1789155951475774], [-1.2673743287239105]]
[0.10581648256709222]
--------------------------------------------------------------------------------
[[1.281155820835983], [1.250538524298206], [-1.2281612421958614], [-1.3166199757721946]]
[0.10581648256709222]
--------------------------------------------------------------------------------
[[1.3305355058243535], [1.2999182092865764], [-1.277540927184234], [-1.3659996607605671]]
[0.10581648256709222]
--------------------------------------------------------------------------------
[[1.3800258064275035], [1.3494085098897264], [-1.3270312277874228], [-1.415489961363756]]
[0.10581648256709222]
--------------------------------------------------------------------------------
[[1.4296072650472818], [1.3989899685095046], [-1.3766126864073462], [-1.4650714199836794]]
[0.10581648256709222]
--------------------------------------------------------------------------------
[[1.4792637595356997], [1.4486464629979228], [-1.4262691808959949], [-1.5147279144723282]]
[0.10581648256709222]
--------------------------------------------------------------------------------
[[1.5289819599376488], [1.498364663399872], [-1.4759873812979656], [-1.564446114874299]]
[0.10581648256709222]
--------------------------------------------------------------------------------
[[1.5787508642829031], [1.5481335677451262], [-1.5257562856432598], [-1.6142150192195932]]
[0.10581648256709222]
--------------------------------------------------------------------------------
[[1.6285614051507553], [1.5979441086129784], [-1.5755668265111216], [-1.664025560087455]]
[0.10581648256709222]
--------------------------------------------------------------------------------
[[1.6784061183879384], [1.6477888218501615], [-1.6254115397483924], [-1.7138702733247257]]
[0.10581648256709222]
--------------------------------------------------------------------------------
[[1.728278865624059], [1.6976615690862822], [-1.6752842869849194], [-1.7637430205612528]]
[0.10581648256709222]
--------------------------------------------------------------------------------
[[1.7781746028327974], [1.7475573062950205], [-1.7251800241937034], [-1.8136387577700368]]
[0.10581648256709222]
--------------------------------------------------------------------------------
[[1.8280891879582422], [1.7974718914204653], [-1.775094609319252], [-1.8635533428955853]]
[0.10581648256709222]
--------------------------------------------------------------------------------
[[1.8780192214603846], [1.8474019249226077], [-1.8250246428216643], [-1.9134833763979975]]
[0.10581648256709222]
--------------------------------------------------------------------------------
[[1.927961914444006], [1.8973446179062292], [-1.8749673358054202], [-1.9634260693817533]]
[0.10581648256709222]
--------------------------------------------------------------------------------
[[1.9779149798004745], [1.9472976832626976], [-1.924920401161889], [-2.013379134738222]]
[0.10581648256709222]
--------------------------------------------------------------------------------
[[2.027876542482041], [1.997259245944264], [-1.9748819638436816], [-2.0633406974200144]]
[0.10581648256709222]
--------------------------------------------------------------------------------
[[2.0778450656369922], [2.0472277690992153], [-2.02485048699866], [-2.1133092205749926]]
[0.10581648256709222]
--------------------------------------------------------------------------------
[[2.127819289861095], [2.097201993323318], [-2.0748247112227878], [-2.1632834447991205]]
[0.10581648256709222]
--------------------------------------------------------------------------------
[[2.1777981832790285], [2.1471808867412516], [-2.12480360464074], [-2.213262338217073]]
[0.10581648256709222]
--------------------------------------------------------------------------------
[[2.2277809005510893], [2.1971636040133125], [-2.1747863219130736], [-2.2632450554894064]]
[0.10581648256709222]
--------------------------------------------------------------------------------
[[2.2777667492288796], [2.2471494526911027], [-2.2247721705909305], [-2.313230904167263]]
[0.10581648256709222]
--------------------------------------------------------------------------------
[[2.3277551621530432], [2.2971378656152663], [-2.2747605835154214], [-2.363219317091754]]
[0.10581648256709222]
--------------------------------------------------------------------------------
[[2.377745674818912], [2.347128378281135], [-2.3247510961813083], [-2.413209829757641]]
[0.10581648256709222]
--------------------------------------------------------------------------------
[[2.42773790681834], [2.397120610280563], [-2.3747433281807626], [-2.4632020617570953]]
[0.10581648256709222]
--------------------------------------------------------------------------------
[[2.4777315466301304], [2.4471142500923535], [-2.424736967992751], [-2.513195701569084]]
[0.10581648256709222]
--------------------------------------------------------------------------------
[[2.527726339156017], [2.49710904261824], [-2.4747317605186434], [-2.563190494094976]]
[0.10581648256709222]
--------------------------------------------------------------------------------
[[2.5777220755076726], [2.5471047789698957], [-2.5247274968704816], [-2.6131862304468143]]
[0.10581648256709222]
--------------------------------------------------------------------------------
[[2.627718584641097], [2.59710128810332], [-2.574724006004143], [-2.663182739580476]]
[0.10581648256709222]
--------------------------------------------------------------------------------
[[2.6777157265033713], [2.6470984299655944], [-2.6247211478664347], [-2.7131798814427674]]
[0.10581648256709222]
--------------------------------------------------------------------------------
[[2.727713386419209], [2.6970960898814322], [-2.674718807782354], [-2.7631775413586865]]
[0.10581648256709222]
--------------------------------------------------------------------------------
[[2.777711470494269], [2.747094173956492], [-2.7247168918575033], [-2.813175625433836]]
[0.10581648256709222]
--------------------------------------------------------------------------------
[[2.827709901850029], [2.797092605312252], [-2.77471532321354], [-2.8631740567898727]]
[0.10581648256709222]
--------------------------------------------------------------------------------
[[2.877708617541144], [2.8470913210033673], [-2.824714038904671], [-2.913172772481004]]
[0.10581648256709222]
--------------------------------------------------------------------------------
[[2.9277075660299685], [2.8970902694921916], [-2.8747129873937993], [-2.963171720970132]]
[0.10581648256709222]
--------------------------------------------------------------------------------
[[2.9777067051201804], [2.9470894085824035], [-2.924712126484239], [-3.0131708600605718]]
[0.10581648256709222]
--------------------------------------------------------------------------------
[[3.02770600026336], [2.997088703725583], [-2.974711421627554], [-3.0631701552038866]]
[0.10581648256709222]
--------------------------------------------------------------------------------
[[3.077705423173093], [3.047088126635316], [-3.0247108445372914], [-3.113169578113624]]
[0.10581648256709222]
--------------------------------------------------------------------------------
[[3.127704950689946], [3.097087654152169], [-3.0747103720541746], [-3.1631691056305073]]
[0.10581648256709222]
--------------------------------------------------------------------------------
[[3.1777045638523767], [3.1470872673145998], [-3.124709985216678], [-3.213168718793011]]
[0.10581648256709222]
--------------------------------------------------------------------------------
[[3.227704247135827], [3.19708695059805], [-3.1747096685002347], [-3.2631684020765674]]
[0.10581648256709222]
--------------------------------------------------------------------------------
[[3.277703987829359], [3.247086691291582], [-3.224709409194676], [-3.313168142771009]]
[0.10581648256709222]
--------------------------------------------------------------------------------
[[3.3277037755272256], [3.2970864789894487], [-3.2747091968925544], [-3.363167930468887]]
[0.10581648256709222]
--------------------------------------------------------------------------------
[[3.3777036017087094], [3.3470863051709325], [-3.32470902307408], [-3.4131677566504126]]
[0.10581648256709222]
--------------------------------------------------------------------------------
[[3.427703459397946], [3.397086162860169], [-3.374708880763461], [-3.4631676143397936]]
[0.10581648256709222]
--------------------------------------------------------------------------------
